
(zr1) zr1 = 1+0j

(zr2) zr2 = 20+0j

(zc) zc = 0-2j

(zl) zl = 0+5j

(z) z = 0.0879665-0.187357j

phase(v) = 0.000000e+000 rad
phase(i) = -1.131835e+000 rad
phase diff = -1.131835e+000 rad
0.000000	0.000000	-0.264963
0.000126	0.088799	-0.256629
0.000251	0.177248	-0.247282
0.000377	0.264997	-0.236959
0.000503	0.351701	-0.225701
0.000628	0.437016	-0.213552
0.000754	0.520607	-0.200561
0.000880	0.602143	-0.186777
0.001005	0.681303	-0.172257
0.001131	0.757774	-0.157057
0.001257	0.831254	-0.141237
0.001382	0.901454	-0.124860
0.001508	0.968096	-0.107990
0.001634	1.030917	-0.090694
0.001759	1.089670	-0.073039
0.001885	1.144123	-0.055097
0.002011	1.194060	-0.036937
0.002136	1.239285	-0.018631
0.002262	1.279619	-0.000252
0.002388	1.314903	0.018128
0.002513	1.344997	0.036437
0.002639	1.369783	0.054601
0.002765	1.389164	0.072551
0.002890	1.403062	0.090214
0.003016	1.411423	0.107521
0.003142	1.414214	0.124403
0.003267	1.411423	0.140795
0.003393	1.403062	0.156631
0.003519	1.389164	0.171849
0.003644	1.369783	0.186389
0.003770	1.344997	0.200193
0.003896	1.314903	0.213207
0.004021	1.279619	0.225379
0.004147	1.239285	0.236662
0.004273	1.194060	0.247012
0.004398	1.144123	0.256386
0.004524	1.089670	0.264748
0.004650	1.030917	0.272066
0.004775	0.968096	0.278310
0.004901	0.901454	0.283455
0.005027	0.831254	0.287482
0.005152	0.757774	0.290374
0.005278	0.681303	0.292121
0.005404	0.602143	0.292714
0.005529	0.520607	0.292152
0.005655	0.437016	0.290438
0.005781	0.351701	0.287577
0.005906	0.264997	0.283581
0.006032	0.177248	0.278466
0.006158	0.088799	0.272252
0.006283	0.000000	0.264963
0.006409	-0.088799	0.256629
0.006535	-0.177248	0.247282
0.006660	-0.264997	0.236959
0.006786	-0.351701	0.225701
0.006912	-0.437016	0.213552
0.007037	-0.520607	0.200561
0.007163	-0.602143	0.186777
0.007288	-0.681303	0.172257
0.007414	-0.757774	0.157057
0.007540	-0.831254	0.141237
0.007665	-0.901454	0.124860
0.007791	-0.968096	0.107990
0.007917	-1.030917	0.090694
0.008042	-1.089670	0.073039
0.008168	-1.144123	0.055097
0.008294	-1.194060	0.036937
0.008419	-1.239285	0.018631
0.008545	-1.279619	0.000252
0.008671	-1.314903	-0.018128
0.008796	-1.344997	-0.036437
0.008922	-1.369783	-0.054601
0.009048	-1.389164	-0.072551
0.009173	-1.403062	-0.090214
0.009299	-1.411423	-0.107521
0.009425	-1.414214	-0.124403
0.009550	-1.411423	-0.140795
0.009676	-1.403062	-0.156631
0.009802	-1.389164	-0.171849
0.009927	-1.369783	-0.186389
0.010053	-1.344997	-0.200193
0.010179	-1.314903	-0.213207
0.010304	-1.279619	-0.225379
0.010430	-1.239285	-0.236662
0.010556	-1.194060	-0.247012
0.010681	-1.144123	-0.256386
0.010807	-1.089670	-0.264748
0.010933	-1.030917	-0.272066
0.011058	-0.968096	-0.278310
0.011184	-0.901454	-0.283455
0.011310	-0.831254	-0.287482
0.011435	-0.757774	-0.290374
0.011561	-0.681303	-0.292121
0.011687	-0.602143	-0.292714
0.011812	-0.520607	-0.292152
0.011938	-0.437016	-0.290438
0.012064	-0.351701	-0.287577
0.012189	-0.264997	-0.283581
0.012315	-0.177248	-0.278466
0.012441	-0.088799	-0.272252
0.012566	-0.000000	-0.264963
